235 235 235
235 235 235
235 235 235
235 235 235
235 235 235
235 235 235
235 235 235
235 235 235
235 235 235
235 235 235
235 235 235
235 235 235
235 235 235
235 235 235
235 235 235
235 235 235
235 235 235
235 235 235
235 235 235
235 235 235
235 235 235
235 235 235
235 235 235
235 235 235
85 85 85
178 178 178
235 235 235
235 235 235
235 235 235
235 235 235
235 235 235
235 235 235
235 235 235
235 235 235
128 128 128
85 85 85
235 235 235
235 235 235
235 235 235
235 235 235
235 235 235
235 235 235
235 235 235
235 235 235
235 235 235
235 235 235
235 235 235
85 85 85
178 178 178
235 235 235
235 235 235
235 235 235
235 235 235
235 235 235
235 235 235
235 235 235
235 235 235
128 128 128
85 85 85
235 235 235
85 85 85
178 178 178
235 235 235
235 235 235
235 235 235
235 235 235
235 235 235
235 235 235
235 235 235
85 85 85
128 128 128
85 85 85
235 235 235
235 235 235
235 235 235
235 235 235
235 235 235
235 235 235
235 235 235
128 128 128
