255 255 255
255 255 255
255 255 255
255 255 255
255 255 255
255 255 255
255 255 255
255 255 255
255 255 255
255 255 255
0 255 255
255 255 255
255 255 255
255 255 255
255 255 255
255 255 255
255 255 255
255 255 255
255 255 255
255 255 255
0 0 255
255 255 255
255 255 255
255 255 255
255 255 133
133 133 0
0 0 255
255 255 255
255 255 255
255 255 255
255 0 0
255 255 255
255 255 255
255 255 255
255 255 255
168 168 168
133 133 133
255 255 255
255 255 255
255 255 255
255 255 0
0 255 255
255 255 255
255 255 255
255 255 255
255 255 255
255 255 255
255 255 255
255 133 133
133 0 0
255 255 255
0 0 255
255 255 255
255 255 255
255 255 255
255 255 255
255 255 255
255 255 255
255 255 168
168 168 133
133 255 255
255 0 0
133 133 133
0 0 0
255 255 255
255 255 255
255 255 255
255 255 255
255 255 255
255 255 255
255 255 133
133 133 0
0 168 168
168 133 133
133 255 255
255 255 255
255 255 255
255 255 255
255 255 255
255 255 255
